CM044164.1	36629419	35194	0
CM044165.1	34679789	32883	0
CM044166.1	43944365	42212	0
CM044167.1	49018360	51492	0
CM044168.1	43740154	40799	0
CM044169.1	34491633	36858	0
CM044170.1	34851334	32943	0
CM044171.1	40183539	34247	0
CM044172.1	31440434	27550	0
CM044173.1	33596851	33442	0
CM044174.1	32837812	30344	0
CM044175.1	36440660	38807	0
CM044176.1	36907115	34656	0
JANAFA010000232.1	252311	21	0
JANAFA010000233.1	178576	2	0
JANAFA010000234.1	200000	1	0
JANAFA010000235.1	99034	0	0
JANAFA010000128.1	209389	1	0
JANAFA010000229.1	238472	23	0
JANAFA010000116.1	205787	3	0
JANAFA010000127.1	180741	0	0
JANAFA010000230.1	200000	0	0
JANAFA010000231.1	169113	1	0
JANAFA010000224.1	290423	1630	0
JANAFA010000061.1	189736	6	0
JANAFA010000060.1	228618	151	0
JANAFA010000130.1	1128735	75	0
JANAFA010000226.1	220909	9	0
JANAFA010000131.1	125356	0	0
JANAFA010000227.1	149855	1	0
JANAFA010000132.1	177377	4	0
JANAFA010000228.1	293013	2	0
JANAFA010000219.1	193236	12	0
JANAFA010000220.1	159347	8	0
JANAFA010000036.1	190653	4	0
JANAFA010000221.1	155080	9	0
JANAFA010000218.1	183938	65	0
JANAFA010000035.1	300157	180	0
JANAFA010000222.1	224250	118	0
JANAFA010000129.1	192924	40	0
JANAFA010000223.1	241661	9	0
JANAFA010000304.1	203130	20	0
JANAFA010000266.1	54670	0	0
JANAFA010000196.1	220884	10	0
JANAFA010000038.1	388502	141	0
JANAFA010000472.1	50761	11	0
JANAFA010000197.1	43387	0	0
JANAFA010000086.1	304228	9	0
JANAFA010000075.1	85538	0	0
JANAFA010000076.1	321785	9	0
JANAFA010000317.1	111643	28	0
JANAFA010000170.1	40355	21	0
JANAFA010000245.1	335597	32	0
JANAFA010000420.1	43859	3	0
JANAFA010000073.1	43353	9	0
JANAFA010000112.1	56764	34	0
JANAFA010000452.1	37072	18	0
JANAFA010000210.1	50740	94	0
JANAFA010000408.1	39466	0	0
JANAFA010000449.1	363699	30	0
JANAFA010000120.1	54452	3	0
JANAFA010000434.1	95092	1	0
JANAFA010000302.1	342812	81	0
JANAFA010000359.1	148155	64	0
JANAFA010000225.1	96392	0	0
JANAFA010000037.1	235718	3	0
JANAFA010000050.1	44282	8	0
JANAFA010000416.1	304963	18	0
JANAFA010000270.1	43883	7	0
JANAFA010000445.1	40555	0	0
JANAFA010000062.1	59484	8	0
JANAFA010000271.1	42162	0	0
JANAFA010000400.1	38982	0	0
JANAFA010000406.1	82426	1	0
JANAFA010000379.1	131707	11	0
JANAFA010000272.1	166236	4	0
JANAFA010000325.1	157534	57	0
JANAFA010000054.1	161443	162	0
JANAFA010000161.1	57012	24	0
JANAFA010000187.1	45198	6	0
JANAFA010000142.1	248424	8	0
JANAFA010000156.1	91445	24	0
JANAFA010000298.1	53567	16	0
JANAFA010000108.1	78357	4	0
JANAFA010000384.1	353307	1	0
JANAFA010000409.1	139903	93	0
JANAFA010000460.1	308330	0	0
JANAFA010000441.1	209982	15	0
JANAFA010000422.1	167036	62	0
JANAFA010000141.1	411825	56	0
JANAFA010000255.1	412319	1	0
JANAFA010000124.1	221326	3103	0
JANAFA010000357.1	89275	42	0
JANAFA010000042.1	87823	233	0
JANAFA010000381.1	210513	8	0
JANAFA010000188.1	151875	31	0
JANAFA010000396.1	199666	93	0
JANAFA010000169.1	117072	5	0
JANAFA010000239.1	94395	8	0
JANAFA010000344.1	122149	1279	0
JANAFA010000189.1	230998	10	0
JANAFA010000182.1	49527	78	0
JANAFA010000249.1	209051	6	0
JANAFA010000429.1	35681	206	0
JANAFA010000469.1	56442	0	0
JANAFA010000018.1	235440	15	0
JANAFA010000072.1	30829	202	0
JANAFA010000265.1	114013	29	0
JANAFA010000374.1	50278	0	0
JANAFA010000367.1	52263	0	0
JANAFA010000242.1	38324	354	0
JANAFA010000138.1	53187	1	0
JANAFA010000391.1	30985	73	0
JANAFA010000135.1	96749	11	0
JANAFA010000294.1	97021	1	0
JANAFA010000040.1	137032	88	0
JANAFA010000168.1	50485	385	0
JANAFA010000392.1	39669	1	0
JANAFA010000214.1	79802	38	0
JANAFA010000253.1	87080	41	0
JANAFA010000375.1	66989	14	0
JANAFA010000190.1	98208	82	0
JANAFA010000200.1	68095	717	0
JANAFA010000280.1	198664	1	0
JANAFA010000279.1	294343	1549	0
JANAFA010000347.1	59393	28	0
JANAFA010000478.1	82864	12	0
JANAFA010000074.1	97905	924	0
JANAFA010000316.1	94746	7	0
JANAFA010000155.1	58811	29	0
JANAFA010000055.1	163246	0	0
JANAFA010000284.1	222143	19	0
JANAFA010000251.1	133161	0	0
JANAFA010000056.1	54810	24	0
JANAFA010000191.1	90617	170	0
JANAFA010000383.1	55079	14	0
JANAFA010000194.1	60736	7	0
JANAFA010000299.1	44934	11	0
JANAFA010000292.1	64696	22	0
JANAFA010000295.1	97695	55	0
JANAFA010000475.1	66823	268	0
JANAFA010000432.1	516363	9	0
JANAFA010000261.1	73349	6	0
JANAFA010000394.1	64062	4	0
JANAFA010000033.1	65657	1	0
JANAFA010000029.1	48288	3	0
JANAFA010000019.1	58452	7	0
JANAFA010000014.1	156696	4	0
JANAFA010000428.1	48814	0	0
JANAFA010000447.1	60605	4	0
JANAFA010000455.1	106490	128	0
JANAFA010000027.1	49964	0	0
JANAFA010000044.1	41410	3	0
JANAFA010000199.1	217015	4	0
JANAFA010000164.1	281592	38	0
JANAFA010000390.1	50812	2	0
JANAFA010000456.1	51202	4	0
JANAFA010000310.1	74981	0	0
JANAFA010000345.1	40532	0	0
JANAFA010000158.1	70206	12	0
JANAFA010000300.1	259661	0	0
JANAFA010000125.1	36928	3	0
JANAFA010000358.1	109351	11	0
JANAFA010000360.1	40647	2	0
JANAFA010000348.1	54924	89	0
JANAFA010000322.1	132970	94	0
JANAFA010000459.1	130446	1	0
JANAFA010000133.1	25223	28	0
JANAFA010000402.1	83919	93	0
JANAFA010000257.1	37034	0	0
JANAFA010000267.1	119676	0	0
JANAFA010000026.1	218378	43	0
JANAFA010000204.1	88506	39	0
JANAFA010000032.1	51746	144	0
JANAFA010000028.1	55353	2	0
JANAFA010000031.1	161917	9	0
JANAFA010000126.1	99827	293	0
JANAFA010000096.1	92591	15	0
JANAFA010000417.1	42299	217	0
JANAFA010000041.1	44031	2	0
JANAFA010000371.1	175575	33	0
JANAFA010000216.1	53343	21	0
JANAFA010000206.1	86699	1	0
JANAFA010000476.1	44661	337	0
JANAFA010000025.1	41611	16	0
JANAFA010000015.1	56503	99	0
JANAFA010000315.1	49079	5	0
JANAFA010000079.1	71257	36	0
JANAFA010000089.1	69734	19	0
JANAFA010000152.1	52813	15	0
JANAFA010000117.1	51785	3	0
JANAFA010000301.1	105034	0	0
JANAFA010000413.1	39005	0	0
JANAFA010000421.1	33482	0	0
JANAFA010000291.1	96174	2	0
JANAFA010000147.1	268782	44	0
JANAFA010000122.1	40738	2	0
JANAFA010000119.1	281724	57	0
JANAFA010000468.1	83902	1	0
JANAFA010000149.1	38536	28	0
JANAFA010000203.1	59742	2	0
JANAFA010000113.1	46461	6	0
JANAFA010000398.1	55219	19	0
JANAFA010000198.1	60785	47	0
JANAFA010000339.1	37267	2	0
JANAFA010000246.1	40680	41	0
JANAFA010000466.1	33715	0	0
JANAFA010000123.1	80312	131	0
JANAFA010000192.1	48289	12	0
JANAFA010000236.1	41890	26	0
JANAFA010000258.1	48115	9	0
JANAFA010000090.1	118046	61	0
JANAFA010000297.1	59711	2	0
JANAFA010000058.1	179589	140	0
JANAFA010000030.1	55064	11	0
JANAFA010000053.1	54361	41	0
JANAFA010000283.1	45835	1	0
JANAFA010000140.1	85709	189	0
JANAFA010000326.1	73528	16	0
JANAFA010000365.1	41654	122	0
JANAFA010000293.1	75057	8	0
JANAFA010000020.1	77365	67	0
JANAFA010000268.1	67765	2	0
JANAFA010000101.1	31370	3	0
JANAFA010000104.1	51261	95	0
JANAFA010000377.1	33679	0	0
JANAFA010000471.1	43037	2	0
JANAFA010000364.1	45063	22	0
JANAFA010000047.1	16060	1	0
JANAFA010000362.1	80656	0	0
JANAFA010000454.1	39891	2	0
JANAFA010000262.1	43593	6	0
JANAFA010000321.1	33975	0	0
JANAFA010000139.1	58933	44	0
JANAFA010000159.1	68330	3	0
JANAFA010000276.1	70321	13	0
JANAFA010000174.1	74470	20	0
JANAFA010000180.1	76813	3	0
JANAFA010000288.1	107545	0	0
JANAFA010000034.1	81567	182	0
JANAFA010000450.1	82097	17	0
JANAFA010000207.1	54348	62	0
JANAFA010000021.1	55103	4	0
JANAFA010000443.1	34712	270	0
JANAFA010000414.1	67140	1	0
JANAFA010000462.1	73473	2	0
JANAFA010000278.1	70059	16	0
JANAFA010000286.1	85672	0	0
JANAFA010000178.1	40628	82	0
JANAFA010000296.1	36357	72	0
JANAFA010000329.1	28516	0	0
JANAFA010000424.1	40225	0	0
JANAFA010000078.1	43919	396	0
JANAFA010000458.1	36200	9	0
JANAFA010000425.1	44438	31	0
JANAFA010000080.1	37720	29	0
JANAFA010000403.1	41781	3	0
JANAFA010000049.1	148920	41	0
JANAFA010000043.1	59423	0	0
JANAFA010000410.1	66945	8	0
JANAFA010000259.1	63948	8	0
JANAFA010000077.1	51486	229	0
JANAFA010000277.1	33982	0	0
JANAFA010000307.1	30753	2	0
JANAFA010000437.1	44517	63	0
JANAFA010000388.1	47814	0	0
JANAFA010000290.1	50617	7	0
JANAFA010000160.1	31269	4	0
JANAFA010000440.1	169672	12	0
JANAFA010000137.1	76312	20	0
JANAFA010000395.1	76050	7	0
JANAFA010000212.1	162180	79	0
JANAFA010000282.1	70494	0	0
JANAFA010000273.1	65914	0	0
JANAFA010000470.1	66194	5	0
JANAFA010000186.1	41203	27	0
JANAFA010000045.1	81954	4	0
JANAFA010000179.1	68617	46	0
JANAFA010000376.1	42925	150	0
JANAFA010000353.1	51696	3	0
JANAFA010000205.1	53072	68	0
JANAFA010000201.1	71708	13	0
JANAFA010000418.1	29030	5	0
JANAFA010000340.1	67196	371	0
JANAFA010000275.1	38479	8	0
JANAFA010000240.1	93371	0	0
JANAFA010000172.1	45267	2	0
JANAFA010000269.1	50500	15	0
JANAFA010000157.1	47818	27	0
JANAFA010000331.1	59636	13	0
JANAFA010000166.1	45640	0	0
JANAFA010000306.1	78378	5	0
JANAFA010000150.1	53942	25	0
JANAFA010000453.1	68681	0	0
JANAFA010000438.1	56427	0	0
JANAFA010000016.1	59699	38	0
JANAFA010000382.1	37907	2	0
JANAFA010000313.1	49631	7	0
JANAFA010000446.1	58486	2	0
JANAFA010000110.1	121885	4	0
JANAFA010000111.1	79855	539	0
JANAFA010000092.1	56585	5	0
JANAFA010000102.1	55732	71	0
JANAFA010000085.1	48198	30	0
JANAFA010000052.1	30314	2	0
JANAFA010000404.1	43416	0	0
JANAFA010000430.1	48779	5	0
JANAFA010000071.1	129141	17	0
JANAFA010000069.1	80967	2	0
JANAFA010000247.1	46107	0	0
JANAFA010000323.1	86925	0	0
JANAFA010000457.1	55438	4	0
JANAFA010000057.1	56143	17	0
JANAFA010000435.1	64223	19	0
JANAFA010000162.1	54086	16	0
JANAFA010000136.1	57926	4	0
JANAFA010000114.1	49057	1368	0
JANAFA010000328.1	31887	1	0
JANAFA010000252.1	48999	218	0
JANAFA010000338.1	49283	456	0
JANAFA010000260.1	52618	11	0
JANAFA010000467.1	33129	0	0
JANAFA010000465.1	48040	8	0
JANAFA010000109.1	44702	37	0
JANAFA010000084.1	31963	6	0
JANAFA010000215.1	62751	11	0
JANAFA010000433.1	48746	16	0
JANAFA010000068.1	28566	22	0
JANAFA010000363.1	36434	217	0
JANAFA010000378.1	45844	13	0
JANAFA010000094.1	64886	75	0
JANAFA010000098.1	85180	38	0
JANAFA010000115.1	44716	60	0
JANAFA010000389.1	54708	1	0
JANAFA010000046.1	37297	2	0
JANAFA010000351.1	39377	0	0
JANAFA010000356.1	36559	0	0
JANAFA010000427.1	27118	38	0
JANAFA010000097.1	47738	476	0
JANAFA010000099.1	76387	117	0
JANAFA010000151.1	50712	48	0
JANAFA010000237.1	38738	0	0
JANAFA010000349.1	66588	6	0
JANAFA010000320.1	56909	29	0
JANAFA010000193.1	35057	0	0
JANAFA010000202.1	66826	7	0
JANAFA010000287.1	81115	474	0
JANAFA010000051.1	52596	5	0
JANAFA010000039.1	38774	5	0
JANAFA010000309.1	40830	1	0
JANAFA010000165.1	52424	26	0
JANAFA010000244.1	55857	9	0
JANAFA010000337.1	42695	0	0
JANAFA010000350.1	92730	67	0
JANAFA010000213.1	54347	9	0
JANAFA010000208.1	27522	10	0
JANAFA010000048.1	40627	4	0
JANAFA010000176.1	64741	23	0
JANAFA010000289.1	48611	4	0
JANAFA010000368.1	59565	0	0
JANAFA010000059.1	28720	55	0
JANAFA010000332.1	39798	11	0
JANAFA010000134.1	79137	5	0
JANAFA010000411.1	39469	308	0
JANAFA010000423.1	39950	1	0
JANAFA010000330.1	40413	408	0
JANAFA010000439.1	58430	17	0
JANAFA010000209.1	52785	7	0
JANAFA010000217.1	50425	4	0
JANAFA010000352.1	30740	170	0
JANAFA010000341.1	38291	258	0
JANAFA010000334.1	41642	4	0
JANAFA010000312.1	42048	1	0
JANAFA010000118.1	75264	47	0
JANAFA010000082.1	56237	24	0
JANAFA010000083.1	32531	9	0
JANAFA010000081.1	39111	4	0
JANAFA010000064.1	58138	3	0
JANAFA010000305.1	45658	191	0
JANAFA010000238.1	37300	0	0
JANAFA010000399.1	33009	119	0
JANAFA010000372.1	43452	0	0
JANAFA010000407.1	85736	32	0
JANAFA010000308.1	58452	336	0
JANAFA010000333.1	36389	1	0
JANAFA010000145.1	40394	8	0
JANAFA010000254.1	55445	3	0
JANAFA010000314.1	29305	0	0
JANAFA010000444.1	45962	3	0
JANAFA010000281.1	41231	19	0
JANAFA010000373.1	46977	12	0
JANAFA010000361.1	30619	154	0
JANAFA010000250.1	45741	202	0
JANAFA010000022.1	53891	3	0
JANAFA010000017.1	52099	42	0
JANAFA010000386.1	50163	7	0
JANAFA010000451.1	54134	6	0
JANAFA010000473.1	48420	8	0
JANAFA010000263.1	39401	56	0
JANAFA010000183.1	61773	2	0
JANAFA010000185.1	50033	135	0
JANAFA010000184.1	49750	25	0
JANAFA010000319.1	52751	10	0
JANAFA010000412.1	29756	0	0
JANAFA010000343.1	30462	0	0
JANAFA010000335.1	62210	6	0
JANAFA010000327.1	68979	86	0
JANAFA010000264.1	30986	0	0
JANAFA010000380.1	41929	0	0
JANAFA010000405.1	26568	3	0
JANAFA010000426.1	48012	0	0
JANAFA010000370.1	40092	132	0
JANAFA010000171.1	52568	3	0
JANAFA010000311.1	39228	196	0
JANAFA010000181.1	33621	25	0
JANAFA010000324.1	45408	9	0
JANAFA010000173.1	42796	8	0
JANAFA010000177.1	59745	32	0
JANAFA010000436.1	72566	31	0
JANAFA010000100.1	36077	233	0
JANAFA010000103.1	36398	1	0
JANAFA010000106.1	33955	6	0
JANAFA010000095.1	43014	3	0
JANAFA010000105.1	84286	6	0
JANAFA010000107.1	35570	27	0
JANAFA010000093.1	37127	63	0
JANAFA010000243.1	55295	10	0
JANAFA010000241.1	46741	349	0
JANAFA010000067.1	49801	68	0
JANAFA010000355.1	39569	1	0
JANAFA010000065.1	47114	0	0
JANAFA010000303.1	43868	50	0
JANAFA010000066.1	38181	1	0
JANAFA010000274.1	43941	2	0
JANAFA010000063.1	37381	7	0
JANAFA010000167.1	50099	9	0
JANAFA010000419.1	41871	285	0
JANAFA010000248.1	56934	0	0
JANAFA010000195.1	30688	9	0
JANAFA010000393.1	42918	230	0
JANAFA010000087.1	62344	92	0
JANAFA010000369.1	62376	44	0
JANAFA010000461.1	43742	139	0
JANAFA010000397.1	59844	0	0
JANAFA010000091.1	36583	2	0
JANAFA010000148.1	52822	82	0
JANAFA010000088.1	42806	129	0
JANAFA010000431.1	41174	6	0
JANAFA010000211.1	57018	60	0
JANAFA010000318.1	45257	14	0
JANAFA010000387.1	49397	0	0
JANAFA010000285.1	48992	374	0
JANAFA010000401.1	48818	26	0
JANAFA010000023.1	38636	4	0
JANAFA010000256.1	42559	294	0
JANAFA010000354.1	41082	0	0
JANAFA010000024.1	42303	2	0
JANAFA010000477.1	51660	0	0
JANAFA010000385.1	18646	0	0
JANAFA010000154.1	49418	12	0
JANAFA010000442.1	44104	4	0
JANAFA010000070.1	44437	291	0
JANAFA010000474.1	48134	107	0
JANAFA010000342.1	83259	0	0
JANAFA010000464.1	48306	0	0
JANAFA010000346.1	57104	687	0
JANAFA010000336.1	60878	15	0
JANAFA010000121.1	22468	1	0
JANAFA010000144.1	51991	24	0
JANAFA010000175.1	53627	10	0
JANAFA010000366.1	24345	0	0
JANAFA010000448.1	36989	0	0
JANAFA010000153.1	55629	20	0
JANAFA010000463.1	39717	4	0
JANAFA010000163.1	46677	23	0
JANAFA010000146.1	43829	2	0
JANAFA010000143.1	59417	8	0
JANAFA010000415.1	36098	0	0
*	0	0	1500
